1030.3, 1030.3, 1030.3, 1030.3, 1030.3, 1030.3, 1030.3,
                                                            1136.5, 1136.5, 1136.5, 1136.5, 1136.5, 1136.5, 1136.5,
                                                            1205.4, 1205.4, 1205.4, 1205.4, 1208.3, 1214, 1231.2,
                                                            1245.6, 1248.4, 1265.7, 1311.6, 1463.7, 1931.5, 3320.6,
                                                            1294.4, 1360.4, 1567, 2189.8, 3897.5, 6888, 5748.6,
                                                            1443.6, 1788, 2760.9, 4775.7, 5068.4, 2261.6, 1552.7,
                                                            1799.5, 2726.5, 4276.3, 3533, 1868.4, 1905.7, 3068,
                                                            2364.9, 3578.9, 3171.4, 1983.2, 2436.6, 4724, 11703.9,
                                                            2904.4, 3174.2, 2189.8, 2758.1, 5648.2, 14080.2, 29127.6,
                                                            3022.1, 2459.6, 2749.5, 5447.3, 13265.1, 25020.7, 13629.6,
                                                            2743.7, 2600.2, 4548.9, 10687.9, 20864.9, 12794.5, 3679.3,
                                                            2597.4, 3553.1, 7734.7, 16531.2, 14169.2, 4350.9, 3280.4,
                                                            2884.4, 5255, 11804.3, 15604.2, 5912.2, 3375.1, 5490.3,
                                                            3587.5, 7605.5, 14235.2, 8948.7, 3699.4, 4701.1, 10567.3,
                                                            4729.8, 10099.5, 12252, 4970.8, 4015.1, 7754.7, 20095.7,
                                                            6147.5, 11574.7, 8113.5, 3926.2, 5567.8, 13092.9, 34899.2,
                                                            7662.9, 10946.2, 5332.5, 4279.2, 8279.9, 21329.8, 49754.3,
                                                            8911.4, 8719.1, 4256.2, 5424.3, 12372.6, 31989, 49742.8,
                                                            9442.3, 6457.5, 4204.6, 7249.6, 17992, 41310.8, 32993.5,
                                                            9020.4, 5011, 4744.1, 9789.6, 24805.4, 42217.7, 17303.2,
                                                            7881, 4359.5, 5699.8, 13067.1, 31380.6, 32936.1, 9181.1,
                                                            9419.3, 4256.2, 7020, 17004.8, 34950.9, 21094.5, 5717,
                                                            5441.5, 4508.8, 8687.5, 21266.7, 33142.8, 12679.7, 4284.9,
                                                            4703.9, 5008.2, 10685, 25132.6, 26800.1, 8010.2, 3679.3,
                                                            4307.9, 5705.6, 12963.8, 27554.9, 19332.3, 5645.3, 3412.4,
                                                            4181.6, 6569.4, 15411.9, 27595, 13302.5, 4465.7, 3291.9,
                                                            4247.6, 7582.5, 17828.4, 25138.3, 9270.1, 3871.6, 3231.6,
                                                            4454.2, 8727.7, 19920.7, 21071.5, 6807.6, 3561.7, 3202.9,
                                                            4769.9, 9979, 21341.3, 16733.8, 5355.4, 3395.2, 3185.7,
                                                            5171.7, 11299.2, 21797.7, 12814.6, 4505.9, 3303.4, 3180